1000
96 80 66
92 10 71
35 9 73
7 56 41
83 25 47
100 31 47
16 20 13
80 80 99
88 76 98
8 67 44
54 84 77
86 23 47
25 17 18
82 56 91
42 91 58
5 92 68
70 72 24
82 89 7
75 79 54
28 74 83
84 79 48
79 48 76
50 65 61
6 57 10
53 100 79
26 63 84
10 33 56
53 85 73
49 73 97
76 27 10
70 100 38
94 6 97
97 76 47
100 74 54
20 73 83
33 34 86
39 62 100
1 13 64
60 100 78
13 82 4
54 69 77
45 54 78
78 28 15
29 81 85
42 35 78
60 57 42
81 4 75
48 86 21
53 22 1
76 86 17
84 71 12
34 78 66
2 59 23
19 90 69
4 62 87
16 54 82
16 58 42
31 15 100
46 74 16
29 42 62
91 61 19
35 71 80
77 89 75
72 68 30
55 47 53
86 15 32
20 41 6
38 2 57
75 28 25
6 74 68
91 54 60
60 4 61
91 9 77
93 81 97
23 65 87
92 38 94
36 17 39
17 37 79
16 93 89
92 3 36
100 91 95
59 98 12
96 44 13
96 46 9
85 9 98
80 65 25
63 5 13
15 29 66
82 42 37
29 25 59
62 44 84
43 48 99
85 68 41
83 62 4
36 65 62
82 47 30
34 16 89
52 90 42
38 42 11
17 55 29
39 68 89
14 78 60
38 18 100
85 85 34
21 57 20
28 89 30
20 18 1
72 45 65
16 88 96
13 28 46
100 97 2
85 33 65
50 91 58
82 24 95
84 1 80
32 43 54
93 62 88
82 94 57
34 9 32
46 59 25
85 73 70
82 93 96
52 71 59
40 87 59
25 65 34
23 3 100
100 89 79
42 8 52
93 68 55
20 56 69
32 96 39
18 95 60
75 69 6
15 28 37
9 67 98
34 67 6
30 25 5
40 29 19
4 64 27
45 94 28
54 18 72
61 6 25
65 91 93
55 82 21
5 21 40
37 26 33
100 64 45
81 64 70
21 66 14
99 3 95
39 39 55
64 16 62
38 20 36
30 17 52
59 19 85
87 37 36
74 35 91
18 18 95
31 37 19
93 61 47
27 39 58
97 70 4
16 58 27
10 34 81
67 94 53
2 1 3
44 71 96
4 11 83
48 59 23
82 20 52
4 86 31
17 78 67
97 16 13
39 62 18
100 66 7
89 74 71
80 94 17
20 28 98
81 30 41
67 95 83
62 48 83
49 79 11
23 70 19
51 16 83
56 82 23
25 25 97
45 38 11
50 66 61
77 97 48
3 19 75
21 63 84
17 32 44
33 24 78
39 12 84
2 67 55
12 24 3
2 47 93
70 57 74
27 6 1
100 37 76
100 6 31
5 85 97
27 23 13
74 86 76
37 92 57
95 24 55
98 41 60
28 95 81
50 69 97
73 81 29
67 14 93
23 58 58
80 70 89
5 98 52
73 9 85
73 67 79
77 46 25
1 81 66
22 21 46
11 45 87
44 27 57
86 75 33
37 43 86
65 70 12
9 72 95
96 46 59
65 83 43
41 62 75
32 68 96
89 37 94
94 62 11
6 27 73
73 7 6
72 73 82
62 67 78
55 3 20
3 66 73
54 83 44
29 71 99
10 32 14
2 36 39
98 42 24
33 61 4
12 98 95
44 60 67
71 76 48
42 93 80
28 44 77
80 25 64
84 74 99
18 69 54
54 73 68
12 25 45
94 7 87
41 67 73
46 13 25
34 98 65
8 92 17
14 84 31
23 17 75
7 54 41
77 75 10
2 48 25
97 14 17
33 12 86
49 78 52
9 78 90
0 20 25
32 67 10
82 86 16
99 95 91
53 89 74
84 53 47
1 54 73
84 26 67
1 87 21
10 55 4
55 2 71
78 31 43
0 20 21
70 67 75
57 41 42
21 94 36
22 2 57
97 40 45
79 6 20
34 85 73
32 27 27
42 67 86
65 81 74
67 68 52
77 31 9
93 73 82
11 69 57
59 30 95
1 28 70
7 13 96
66 96 69
99 8 69
37 62 67
22 75 38
4 42 74
68 47 78
61 85 22
8 34 45
99 70 27
36 42 44
2 57 53
19 53 6
8 44 91
63 90 6
4 78 15
39 68 98
59 89 41
63 93 100
45 39 5
0 39 48
10 67 92
82 55 91
83 98 82
22 61 99
91 48 60
73 35 23
95 22 15
89 41 20
66 19 66
16 81 80
94 41 86
75 23 60
57 10 21
22 28 37
96 2 72
93 94 28
33 36 11
43 58 83
51 57 31
1 22 6
43 86 20
99 60 89
52 27 39
41 97 68
76 78 55
19 67 40
91 2 11
77 88 1
67 53 15
73 94 6
53 92 12
91 86 32
3 89 85
91 41 56
52 23 15
59 96 91
54 70 59
68 85 59
47 2 34
84 5 4
15 19 12
54 53 91
61 63 52
52 91 16
98 85 38
100 54 94
76 70 22
87 63 16
59 30 79
89 80 24
79 46 84
68 23 92
56 91 37
96 28 17
100 39 9
38 13 25
11 5 82
31 86 25
19 57 99
15 100 82
81 64 71
71 86 34
93 5 46
50 82 26
76 58 19
4 80 61
86 33 83
25 24 95
14 72 37
45 58 69
37 33 18
56 48 75
30 9 85
38 55 3
87 37 39
65 77 76
12 3 26
57 53 73
49 37 81
18 28 91
65 18 82
60 34 72
24 29 11
35 64 17
45 83 96
75 33 74
44 5 97
12 55 55
20 11 46
94 30 67
30 61 23
24 89 95
25 55 35
84 30 23
20 94 40
36 86 34
90 16 86
70 35 40
24 84 57
16 43 68
83 83 38
21 99 3
77 75 53
25 43 87
34 44 91
13 42 34
23 8 13
8 90 85
5 77 3
58 63 62
93 26 48
24 8 15
37 3 58
55 71 19
20 62 88
11 83 30
5 74 9
6 90 18
10 55 27
29 90 66
96 100 18
89 48 39
97 10 91
49 42 78
84 24 17
24 57 9
87 28 17
75 53 41
0 34 29
24 60 67
54 31 99
12 39 71
50 22 86
35 29 87
80 2 41
34 92 69
47 32 85
15 81 30
38 96 19
30 64 33
60 86 100
100 76 79
49 32 95
48 38 28
13 35 36
14 19 22
4 92 13
28 53 36
87 20 40
89 86 90
38 91 22
21 60 67
19 71 93
58 85 42
51 32 31
98 28 93
100 68 14
26 57 61
25 93 2
94 13 95
91 35 47
53 77 48
97 10 17
74 86 67
100 47 93
70 29 55
39 72 57
91 77 63
57 28 81
0 53 42
70 44 46
55 77 36
91 88 3
51 36 99
76 10 62
63 73 6
31 47 82
69 44 38
1 52 5
55 82 52
75 31 59
48 55 54
99 13 4
43 54 4
93 54 6
53 48 96
79 26 26
45 61 96
59 75 48
10 72 100
99 41 62
82 28 71
1 95 53
18 22 25
66 43 12
36 60 91
29 16 45
100 61 33
19 23 85
82 32 14
33 20 79
34 26 6
23 100 5
57 75 37
18 66 28
34 99 40
54 8 62
36 4 21
48 100 27
22 34 52
61 34 14
56 80 4
54 13 86
100 70 91
33 55 85
47 52 75
12 33 57
58 20 22
5 77 17
58 86 97
61 88 67
57 66 7
2 72 59
69 96 3
13 78 5
14 46 40
85 71 33
79 48 79
37 21 1
2 32 95
59 31 96
90 48 65
17 24 45
25 43 2
69 3 81
2 93 86
19 59 93
98 4 46
63 75 34
93 91 57
61 11 61
16 86 46
5 5 86
15 90 92
80 66 44
93 92 92
81 3 94
8 61 3
35 81 8
87 37 94
61 56 2
67 54 42
32 60 75
5 97 10
92 55 47
84 58 56
100 31 11
40 29 7
59 8 29
76 9 32
79 4 33
53 90 67
41 88 72
62 46 8
81 8 37
77 67 94
85 84 21
16 39 79
64 15 25
71 35 27
62 24 38
88 7 40
52 36 12
75 56 53
25 61 69
21 84 62
82 98 10
4 47 5
66 16 67
74 13 7
26 26 94
8 58 1
17 8 18
52 44 12
16 48 34
87 5 14
56 84 29
97 61 94
78 100 69
29 23 13
46 18 82
38 4 1
5 34 58
34 14 7
55 84 13
32 77 66
18 89 10
36 54 38
8 100 13
28 81 52
4 99 54
85 2 99
67 83 21
87 21 91
44 7 12
100 45 18
4 1 83
4 45 66
18 75 8
43 82 18
84 63 8
78 13 34
23 1 19
40 76 92
55 55 17
31 9 97
53 80 34
72 53 57
73 29 39
55 94 47
10 87 38
0 57 27
53 61 85
28 96 15
53 5 47
4 8 40
63 4 15
62 18 5
75 71 84
0 71 40
27 81 7
30 83 16
56 57 34
57 61 15
95 21 59
35 73 75
50 96 59
15 70 53
99 97 98
57 76 70
6 33 77
62 17 79
85 85 71
6 56 93
63 53 74
2 94 46
30 86 56
30 65 81
51 82 15
67 58 20
92 33 47
2 20 12
89 84 47
93 40 71
9 77 77
37 29 63
87 47 83
75 36 52
48 69 67
51 7 31
43 47 33
16 66 92
0 55 55
91 63 85
85 13 84
86 14 22
100 1 1
65 42 19
51 61 95
67 1 56
35 68 35
68 31 60
25 63 58
85 7 21
38 18 74
83 88 33
16 86 48
41 58 27
89 21 73
43 99 74
0 68 90
87 40 57
53 28 74
10 86 69
72 9 77
76 47 70
96 97 9
64 25 83
61 11 97
51 52 94
37 87 8
51 26 61
14 30 25
73 93 3
36 87 6
8 88 1
99 91 5
74 76 22
93 37 34
84 70 75
90 69 60
32 46 61
2 42 20
58 99 46
97 44 64
75 68 11
12 85 59
44 52 32
86 98 75
83 53 23
91 2 82
4 57 29
50 22 62
79 8 72
34 59 57
84 90 42
60 2 68
90 37 82
83 81 21
83 27 46
31 90 6
69 39 59
35 55 45
48 19 14
89 8 11
25 60 20
97 87 65
27 65 77
17 89 70
28 75 45
10 33 21
90 22 23
56 61 7
70 91 100
21 80 63
99 99 99
65 46 89
58 16 65
100 60 84
7 79 5
85 96 27
80 15 95
55 94 1
62 17 11
24 57 38
58 90 100
2 86 38
57 14 13
82 79 96
23 60 91
88 55 34
41 48 10
34 10 100
13 64 55
25 68 86
20 46 39
61 55 7
92 100 81
13 17 1
68 88 5
4 38 5
47 27 41
38 68 94
47 66 68
47 92 81
38 86 11
98 22 42
52 29 5
10 36 76
7 68 97
93 62 100
92 4 28
47 12 95
87 66 72
46 100 56
68 76 65
8 64 34
94 20 21
35 8 16
57 26 71
89 42 1
41 9 44
10 22 75
52 22 97
30 94 18
29 21 89
51 76 26
88 64 68
75 83 75
13 98 74
55 80 45
10 33 33
6 54 76
52 69 42
83 15 78
80 53 38
27 63 72
55 98 32
83 12 56
7 29 92
34 68 35
34 72 75
56 22 38
64 20 30
100 89 96
64 82 82
76 82 99
8 2 87
68 55 29
67 48 15
91 65 22
21 6 39
21 26 87
21 81 30
87 93 35
42 13 34
13 69 20
7 25 48
25 18 17
11 60 98
78 92 39
53 48 15
85 74 65
48 16 37
29 21 13
31 80 31
86 41 9
19 87 86
61 18 70
17 26 74
38 100 15
82 70 56
87 57 12
81 69 83
27 5 38
22 64 65
82 97 70
48 48 69
48 39 20
80 33 25
42 33 8
36 64 15
65 77 35
81 38 43
55 37 9
91 86 25
86 54 55
26 54 1
67 56 15
63 47 47
62 86 17
80 74 70
35 72 76
98 96 13
13 99 9
12 8 16
49 18 95
56 65 95
22 88 73
70 42 40
1 42 57
63 39 40
18 82 44
78 28 94
91 83 54
88 45 37
38 6 39
23 79 47
79 69 11
11 97 8
24 98 37
81 45 30
31 11 98
88 17 100
38 8 35
100 6 94
23 76 96
71 81 41
95 11 94
61 29 41
77 28 9
21 89 97
44 52 32
49 47 74
41 5 75
52 79 8
51 9 46
78 23 25
95 59 36
30 5 25
49 43 41
46 69 58
30 44 90
67 19 16
69 11 77
99 58 92
27 69 53
51 65 58
54 28 35
23 35 44
57 58 89
95 33 26
51 37 95
16 15 64
71 59 9
60 52 78
61 95 87
13 55 55
19 8 1
12 71 89
13 62 100
2 76 15
47 71 80
74 3 72
42 62 90
88 5 55
23 21 97
100 9 27
91 25 16
22 95 30
48 77 79
17 69 21
60 68 69
48 52 2
28 16 5
20 46 63
80 60 28
60 81 24
34 15 71
83 39 80
63 18 95
7 78 53
32 47 87
91 10 23
76 23 47
23 5 33
81 16 88
97 88 98
47 88 38
47 66 45
74 77 38
5 19 45
14 36 81
0 30 70
18 13 17
58 36 22
8 87 8
54 6 54
94 75 65
52 56 84
17 31 57
82 45 77
59 46 2
3 82 67
90 14 81
25 85 66
81 88 84
82 2 69
17 2 33
77 18 99
92 67 54
40 79 88
90 78 19
100 17 30
92 40 17
52 20 71
61 89 91
42 73 40
59 72 79
0 89 69
72 36 27
13 94 70
38 87 35
19 77 72
75 2 67
44 95 98
98 38 32
66 96 69
82 65 54
53 6 61
25 74 22
3 53 40
34 29 37
