99
6 2 0 2 0 2 0
3 1 0 2 0 0 0
793 732 0 28 0 33 0
65 25 0 31 0 9 0
192 29 0 112 0 51 0
160 55 0 36 0 69 0
657 150 0 184 0 323 0
877 296 0 219 0 362 0
5 1 0 1 0 3 0
3 3 0 0 0 0 0
7 3 0 2 0 2 0
102 50 0 25 0 27 0
1000 500 0 500 0 0 0
258 120 0 84 0 54 0
6 1 0 2 0 3 0
3 2 0 1 0 0 0
322 144 0 53 0 125 0
925 254 0 329 0 342 0
570 140 0 185 0 245 0
999 333 0 333 0 333 0
69 1 0 66 0 2 0
140 62 0 34 0 44 0
109 40 0 15 0 54 0
616 58 0 308 0 250 0
481 87 0 215 0 179 0
445 130 0 180 0 135 0
941 390 0 445 0 106 0
364 33 0 169 0 162 0
408 166 0 58 0 184 0
359 178 0 83 0 98 0
115 42 0 55 0 18 0
5 3 0 0 0 2 0
697 279 0 152 0 266 0
308 138 0 22 0 148 0
475 208 0 101 0 166 0
244 59 0 77 0 108 0
4 1 0 3 0 0 0
1000 500 0 250 0 250 0
238 31 0 111 0 96 0
999 249 0 250 0 500 0
355 115 0 169 0 71 0
4 1 0 1 0 2 0
4 2 0 0 0 2 0
4 1 0 2 0 1 0
229 51 0 85 0 93 0
398 105 0 127 0 166 0
33 15 0 9 0 9 0
728 168 0 202 0 358 0
239 83 0 59 0 97 0
52 7 0 40 0 5 0
297 109 0 52 0 136 0
427 79 0 155 0 193 0
143 40 0 34 0 69 0
586 1 0 3 0 582 0
582 147 0 412 0 23 0
1000 333 0 333 0 334 0
606 250 0 303 0 53 0
885 162 0 628 0 95 0
56 2 0 27 0 27 0
295 131 0 147 0 17 0
1000 0 0 499 0 501 0
699 254 0 237 0 208 0
352 82 0 189 0 81 0
931 283 0 383 0 265 0
5 1 0 2 0 2 0
999 1 0 499 0 499 0
952 354 0 269 0 329 0
4 2 0 1 0 1 0
999 0 0 499 0 500 0
58 4 0 29 0 25 0
186 80 0 70 0 36 0
710 190 0 323 0 197 0
824 147 0 296 0 381 0
763 8 0 572 0 183 0
215 107 0 97 0 11 0
857 230 0 382 0 245 0
56 15 0 22 0 19 0
207 43 0 69 0 95 0
65 7 0 32 0 26 0
1000 1 0 500 0 499 0
316 103 0 123 0 90 0
496 190 0 144 0 162 0
203 64 0 98 0 41 0
398 136 0 189 0 73 0
408 135 0 179 0 94 0
4 0 0 2 0 2 0
879 330 0 140 0 409 0
757 635 0 113 0 9 0
6 3 0 0 0 3 0
338 166 0 42 0 130 0
18 8 0 9 0 1 0
25 8 0 11 0 6 0
478 48 0 232 0 198 0
3 1 0 1 0 1 0
451 92 0 196 0 163 0
845 361 0 83 0 401 0
385 171 0 34 0 180 0
805 227 0 398 0 180 0
999 250 0 499 0 250 0
