99
2525 1
2400 5
300 2
120 60
60 90
744910044 1
550131651 992
380577509 1
251439072 515
32176561 1
2569227 7128
14973699 1
1183439 8921
677013103 1
135810853 7466
651149956 1
154262916 4756
865939402 1
752530283 8871
5466754 1
5301073 9587
100393007 1
92271207 783
252946997 1
144229901 2920
580589362 1
129607693 3439
294875946 1
280954819 179
213730158 1
186544901 9424
794088550 1
505610303 5026
895787110 1
429624385 469
716395563 1
403103430 9775
251914521 1
204551363 9933
897770339 1
171595825 4353
356396424 1
84956355 5077
233890262 1
35444397 6532
194007116 1
42892761 5407
523013248 1
194720510 5687
845320720 1
199996736 9248
159225944 1
85485508 3328
581592854 1
271555120 1793
593764435 1
26842846 5590
935206767 1
579805362 2166
362962999 1
16762366 56
75793021 1
59187168 764
596725494 1
448155060 5859
2 1
1 1
723388743 1
392738673 78
1000000000 2
999000000 10000
998000000 10000
954589070 1
484839708 2390
1000000000 2
999999997 3
999999998 2
270986912 1
133829275 3449
98406021 1
58732044 8786
363983677 1
198477505 9220
541185661 1
15040510 4168
678902462 1
62656523 7614
1000000000 2
12345676 2
12345675 3
784999519 1
205677164 9209
573315761 1
91244691 7439
75258277 1
42973819 2337
559588445 1
542409021 4279
192395999 1
154311821 463
1000000000 2
998000000 1
999000000 1
483671223 1
255822421 646
2027300 1
587570 441
473765244 1
312156445 3078
727558642 1
9974249 3711
432336548 1
104621614 127
713279764 1
301063555 6668
866422615 1
343964514 4633
6358955 1
6048472 1225
959654798 2
746481700 3958
98148659 8076
693099527 1
448984382 1391
200000 2
5001 1
5000 4
837489404 1
501181214 9524
892443346 1
731907660 2406
1000000000 2
999999996 3
999999997 2
838896962 1
324915929 7842
255806191 1
142691518 725
258491629 1
161144425 8761
202426037 1
56332237 8788
991758139 1
613709163 426
1000000000 1
999999999 10000
440863404 2
341979834 332
133526093 231
603576923 1
139828940 3382
447229263 1
226941086 8614
875087145 1
1249000 1570
683643669 1
435558386 2045
402481649 1
367324106 8088
1000000000 1
999999999 1
299649599 1
53808187 6001
554172087 1
522934375 4922
105176941 1
54428606 9895
1000000000 1
1 10000
616354091 1
509220935 4206
66047569 1
62830667 6102
413540973 1
134037028 1054
1000000000 2
999999999 2
999999998 3
877905093 1
530354411 1500
105909721 1
34248118 9165
89445501 1
30712343 712
522267985 1
142579844 1412
93200123 1
40997764 9203
1000000000 1
1 1
2 1
1 10000
1000000000 2
100 10000
200 10000
1000000000 2
1 3
2 2
484363425 1
264268225 4996
234729276 1
22971446 3034
849553577 1
460266589 987
160349220 1
82941046 9175
121207229 1
23977717 4341
974202819 1
948835116 4723
