150
87878
2434134 6943038 5416039 671537
59074 7519 80583 29387
443552
1064400 7698489 2742884 5710979
25708 91773 26321 18586
280247
6094389 7193120 6752392 923719
94336 55909 17357 65544
732814
6181874 6876040 2702549 8962741
2650 42780 85021 47251
354645
5201287 4307708 577715 3265151
15311 3900 30092 16343
113276
3677258 113870 6675969 8029909
13361 79754 72611 94157
369832
8104778 837917 9482716 3103811
31436 83259 49740 79698
63717
4026285 9909226 1564666 9558643
20485 51023 65154 76716
743193
4629066 3186695 5475779 3622511
90359 85420 89158 67869
264271
9358848 7084891 7133303 4978199
60146 68078 5949 63893
691872
1761520 2251596 5226760 8601823
52127 57735 81527 44375
332033
849700 6210907 5139030 1266079
32446 70670 50014 68508
763740
4321664 1435286 9450425 5494277
77738 82822 28133 23776
427129
6893674 2917790 814566 7920193
25818 95514 60014 81842
355851
9373744 4609384 6078280 9812183
14819 41649 18505 14986
796619
4291837 5958271 8068009 9137111
83686 89010 83207 54412
724211
4699617 1 10 7242187
41625 1 3 16697
331451
3795470 6531800 1699694 8922097
37054 87881 35738 54478
6541
6916556 5745855 8621202 9219739
45608 88856 9000 74094
221815
3897977 2281148 1216581 8044507
88673 22814 98589 84350
316132
8095595 6591949 23847 1815103
14787 90898 10820 20131
146936
9585491 3114728 5058957 5240117
93365 91446 53995 58733
786443
87626 4202626 8807082 1923683
71670 49106 27955 42736
610913
5333446 9883715 7006965 2736431
32990 10923 58855 17001
251563
3984759 937479 1303914 9282839
27467 94801 57554 84759
38341
6370342 4120876 7474990 4328851
27728 11714 69542 60854
123330
2885125 4754653 5353431 5002157
59708 59359 65422 57387
220265
7622650 9423637 2150413 8682589
92212 47468 77532 36760
537584
4463039 8809641 649221 6023939
24112 97877 45363 94587
677825
2564652 5399782 7262727 5812073
48018 54356 40520 14630
710795
2647346 6100657 1416561 2124197
70998 53511 85482 75083
544142
8066734 5833271 2429882 7326203
4838 34764 54516 150
5
1 1 0 100
1 1 0 100
558407
3792066 7738147 122957 9031807
5179 1111 59406 67209
534487
6748560 6536109 9705083 8502881
82242 41379 60913 72893
107942
6228550 8874631 3756357 7981189
84780 33994 71431 7345
319794
3378116 3294995 2218087 6909751
34861 9976 58645 64437
232194
5593217 7115209 89016 4781737
87415 24272 8646 14743
799135
6436339 6922120 7913867 3346951
58 1 0 83178
800000
4184377 726967 7510534 3897703
48427 52570 85560 36214
799518
4036690 9290972 629041 9409319
67 1 0 35880
800000
1977106 1101999 5354543 3654641
54538 61076 78852 41696
685050
4173632 3410559 9188574 6282889
11399 90715 21175 41560
10
1 1 1 100
1 0 0 100
799897
9897009 8263191 7365771 8027339
88 1 0 69989
766243
1859367 6712730 461813 9019327
53616 49692 34523 55829
669918
3255587 1 13 8709522
71775 1 4 24568
18827
9521417 1 10 189194
79035 1 3 96645
425482
1159449 7682974 3316987 8272333
67354 39660 40348 48488
96998
1661979 3915679 5075979 2906549
99284 1857 27886 82511
471537
74105 1 14 6601584
19665 1 2 82759
307427
4318005 4186207 9134514 1603183
7451 55191 88630 52175
32468
1212265 3540617 6252738 69499
38979 53009 99324 59141
595993
1404508 1095398 1462461 6214751
46267 23039 7917 71333
111272
3950833 2097098 1728066 7251823
32729 79714 67463 77795
103184
4668499 9335148 1549345 3325351
947 91885 28620 78092
16115
7377622 4423239 3428119 4522501
4911 14189 68541 57878
431368
5849416 6126122 9695664 1768477
72036 60999 58593 46642
335238
3245321 3989698 5173662 9974369
64212 6824 61281 21369
30607
8238915 2873291 4995481 2805533
6864 13595 65754 77494
678754
5022051 651887 3173128 3208867
67423 21451 86736 14753
457946
3941691 8519620 5251025 5353291
71839 89954 63874 49774
583762
2239480 7735643 8943983 6080311
28658 89360 12540 24320
342962
2237344 7542786 1996774 6451187
56617 12386 38797 5946
173932
592924 1 13 2261200
69110 1 4 19660
5
1 1 0 100
1 0 0 100
779574
4428987 1879449 156801 9414673
2425 43645 7441 94460
562563
4654443 8748161 9191633 3725731
88282 36795 35060 68040
575828
2404285 2418492 8154851 5314117
94755 18116 40010 96425
583190
248316 5112331 2783051 4007477
79206 6792 76769 80493
792343
2462478 3624324 6466030 5071873
36979 86256 23376 62378
236161
5880134 6416878 4372490 3933233
55116 76566 36378 81930
554699
782502 3717363 3476397 4553851
49536 17757 3698 88122
799523
6188922 6879499 259817 3927593
10 1 0 23851
800000
1261916 2960160 892887 6372013
36813 12955 35356 63252
486662
3825826 3270761 4143198 7129261
16490 82961 99312 51790
193788
7375107 7988790 7344168 1454711
88929 57515 3430 74658
800000
6663773 2128441 4859555 6731059
20543 89865 38934 40017
563491
4091203 9088671 9233201 7849007
64302 74803 64772 39351
331802
5476430 1090505 3383912 7015787
20582 95030 160 99176
571930
8426282 1 12 6863836
90619 1 2 22779
366822
5478191 3127005 3925488 9187727
96436 21755 49375 39146
275625
3922046 3167472 3747945 9733903
8070 94446 79739 85817
721656
8977969 8522105 1943305 7129481
67462 56602 69445 87844
799796
756517 7342784 1046569 7252879
56 1 0 48271
546437
5194966 1300651 2164371 3453283
63842 46248 63455 19520
661672
8037010 4931374 7833802 2071291
76027 35013 8188 39447
137858
3816908 1818292 4649478 4414153
91205 21212 25648 61802
123278
6184716 1 10 1233176
59659 1 5 69293
4688
9344281 692609 2223838 1453043
56083 79533 90863 43417
325090
4473635 6650164 617383 7047277
96345 36293 74634 71454
82317
3563391 7917723 6312543 8390549
60259 52603 51311 96035
734168
7525645 2354352 8053222 5247163
64171 53886 58018 98940
401275
9995231 8117 8091766 4100939
59846 44663 45148 42854
464409
5099568 3841791 735959 2948861
60641 90781 3122 77851
454203
3501522 6877404 5610012 4948883
50507 58204 73723 47781
800
1 13107 5 12917
1 12917 5 13107
13
3 3 0 100
7 7 0 100
93571
3362271 4467137 7142765 595481
11890 28173 67012 11974
737865
9090309 4711051 421395 9634357
59890 90684 17122 39535
363374
7634548 5720207 8196092 5419907
91795 21105 31942 96570
166963
6777301 5587025 4787909 4810483
85156 38666 83607 3322
50741
9373248 5047671 5793834 2916799
34643 20982 1297 41725
700932
4853621 2954333 3793331 2722033
35803 48377 76986 12230
800000
9284363 992074 5483194 6912539
204 68884 1353 65381
5205
3748359 1731255 2832413 9579277
4825 18526 20850 60900
22576
8289710 4616340 7242784 6051289
89763 38728 14814 51661
421832
6634028 1 11 4640403
23600 1 3 28559
228245
7391623 9651204 5339017 3531989
45436 28993 72266 9931
5842
1326256 3831571 8973515 6286457
50935 89833 5142 57746
460160
1035446 1592362 4729973 8105711
10757 65826 15937 75493
799911
4647118 8230784 414342 4826291
11 1 0 70867
585263
1436762 4243371 9164422 9335789
13113 73368 70033 56492
286701
8668530 1430048 4419280 6657109
36212 69484 51242 6017
262616
3276410 4096021 8164101 4048249
61864 48150 88567 22581
566835
205676 4700337 4515148 5243207
24387 65253 78482 79003
776203
2976622 4456117 6143950 6643499
78062 26165 25565 44856
800000
7880818 5932472 2427109 3877781
1171 40625 63531 758
488602
3659121 3525584 7264610 5706221
90319 66026 86533 35477
517276
3679909 725989 6219138 4563679
9288 73488 73962 44632
286961
8385198 3987078 2169189 8017643
55037 6417 39137 86313
202061
6818117 8820143 3299423 2465951
51168 32602 16943 99213
74387
1392881 8899251 6165704 3539713
74238 77093 87275 90940
194495
3927727 1281691 1873076 3264851
76943 56877 98484 62552
799918
8026988 8815361 8434028 7598893
64 1 0 39039
194553
5770863 5923674 6999039 9119987
18455 40448 24123 42326
16632
4864709 8944027 5748292 8519053
9356 97277 45736 55087
200724
4865906 4244571 6534244 7891591
30784 94847 72038 99358
155922
3291360 5326342 3624573 9968951
41900 53964 40180 73822
48492
6002191 5944053 7517882 5934571
78233 73102 30693 49941
760716
3256351 1611484 8815979 9533179
74419 64323 84746 16381
399220
433730 8336641 4190405 5784599
60603 25523 30224 73062
490500
6505831 7242242 5238425 7618073
58271 66311 45371 54712
151584
5371394 1969282 8800795 8580487
3703 55599 94769 61451
799948
6006947 3147310 5573892 8225117
1 1 0 50601
585116
7903332 8143192 9248568 2818789
68980 36112 70097 78716
675842
1390196 6023568 9623088 6551393
94079 33053 11215 79086
135621
7571459 4137419 2832095 3250333
33647 16560 68223 46578
800000
1202664 8506983 6650965 8225317
16849 36670 96174 1957
67187
5622716 952445 2931527 8979787
42721 42540 29087 52325
155273
3049473 8473871 3522430 2330771
31458 54187 68523 36770
290888
9661242 4255961 4603570 1195679
50643 24046 62980 32671
44162
4705364 3742884 3666652 2505343
35204 7279 95765 97687
148398
8016561 1060099 6967308 7845329
14680 58306 49555 64029
271826
5848681 3660734 6561615 9781361
45804 5964 98592 49354
799246
7130761 6216496 2575834 7255711
71 1 0 10078
56563
7686813 4146006 5416153 7503211
99664 31074 60226 8175
800000
4332581 1738230 8853842 7979057
66171 9761 63488 15137
799314
496884 5173679 4334722 5846233
89 1 0 43136
376837
580805 1 12 4522477
94374 1 1 34989
