50
50 6
0 0
11 7
0 11
9 14
2 2
3 3
0 13
6 4
11 8
2 10
11 13
0 8
8 3
9 2
14 8
1 9
14 14
2 9
3 7
2 5
0 4
13 10
9 5
10 5
0 12
3 5
10 14
3 14
10 6
13 7
4 1
2 3
1 13
3 2
12 4
11 6
11 14
9 8
14 12
4 13
4 8
3 8
0 9
1 1
5 3
12 9
6 12
12 11
12 13
8 13
18 36394308
106905200 92886877
126949963 71970693
121356374 94295363
69231504 77427632
17684904 41930193
85165795 48912347
24756737 80926029
56181256 86429697
8589679 36231394
126749786 112962450
72172319 55934599
126509314 126254500
124587046 16397569
26075990 103982535
33189998 110774015
36631371 90283125
121372386 7925273
80883368 83492825
7 6
8 5
3 6
9 2
4 5
3 2
1 8
2 8
50 8
11 8
9 15
14 17
2 9
1 7
15 13
16 10
9 12
11 7
7 13
17 10
1 16
7 11
8 7
16 17
15 16
10 7
16 1
10 0
13 17
12 17
3 4
14 15
2 11
6 5
12 4
3 13
1 8
0 8
14 8
2 2
16 6
13 6
3 11
8 0
2 5
4 6
4 9
17 11
5 5
9 2
7 0
17 0
8 8
8 2
0 1
1 6
2 14
4 11
15 1
6 96547959
268171635 245309296
103647221 199437780
290318035 167072900
57566771 187619086
333742841 285357753
63183494 359544106
16 1
0 0
0 1
0 2
1 0
1 1
1 2
2 0
2 1
2 2
2 3
3 3
4 3
3 2
4 2
3 1
4 1
14 2
0 1
0 2
0 3
1 0
1 1
1 2
1 3
2 0
2 1
2 2
2 3
3 0
3 1
3 2
14 94721190
102818692 11901776
229840290 97967311
92438282 8289203
88377752 28179570
195349265 264177000
81632912 110595365
233540291 42630875
101250288 181701684
209987223 271814462
197968983 183200920
130985824 51234901
260682881 293964310
298630555 48346427
315265984 17610828
25 22732507
60577390 4437494
6230423 31330397
51887708 31933995
1825734 26141505
60486128 35249030
43955744 64555321
79082221 12448013
63583240 70873299
32742397 23757754
61237690 62173739
31170681 56348192
44344512 20485848
62709329 28449876
15709283 52233139
15738778 32305843
12136267 7567217
911724 26973594
57211718 66261140
18975257 24607680
77847562 77426846
16161744 18219568
30677162 69812641
79163490 465377
5316132 4993634
41529121 41099507
50 17
5 5
6 9
6 5
3 9
2 0
6 8
7 5
10 1
4 3
2 5
3 5
8 10
1 2
10 3
8 8
9 9
10 0
7 4
3 0
0 0
10 5
4 4
7 2
4 6
2 2
7 1
3 2
9 1
2 1
0 5
5 1
4 1
2 3
8 1
9 8
6 7
8 0
1 9
6 0
8 3
3 3
5 3
9 0
2 4
9 2
10 4
7 7
9 4
1 8
1 6
2 1
100 100
200 200
3 6138230
128769511 180479497
54605932 28106955
138365752 103332364
50 20
8 9
5 0
11 0
9 2
4 9
7 7
9 8
10 7
4 6
9 6
5 10
9 3
3 1
4 11
3 6
6 4
8 0
6 1
7 9
7 3
2 8
6 9
7 8
6 7
3 2
6 10
3 7
0 2
8 2
6 11
10 1
6 5
11 9
0 3
3 3
5 9
11 5
1 8
11 6
7 2
7 0
1 1
5 6
8 6
11 11
4 1
5 2
8 1
0 9
4 4
30 101658250
78204153 151145805
307583176 253860243
202494148 93370556
202900829 18203616
10590642 339982731
161443220 258464573
319542959 143129828
167586797 122429632
153571160 236079463
129506484 211434757
283478455 47507706
92776400 257661404
380175052 13739744
259005909 29907352
361382687 289627727
345225584 65593445
42944939 190703794
294401071 49448336
362674884 87668442
100770325 18480057
225656016 289227977
137617047 188994231
67901974 300957726
339988415 178434312
132831662 163277592
342212979 194967283
229274008 78241352
194211537 397845821
192616425 228442839
263429041 385988996
7 88250629
262445698 270639240
148293123 14887371
309757073 116177341
253862662 63737796
314659486 70891443
268780627 163613467
87349124 2155302
18 2
0 0
0 1
0 2
3 3
3 4
3 5
1 0
1 1
1 2
4 3
4 4
4 5
2 0
2 1
2 2
5 3
5 4
5 5
28 7010298
20259010 845744
28887952 28986004
1638618 27969512
43477242 54794457
17324934 54103948
46135454 48357062
18166050 54103977
22425308 15872568
1554006 8463319
9075641 43835253
23879253 45583195
19155511 52813269
28573311 36008541
31329856 33816781
28299879 40743296
14062012 26414169
29273006 6968099
11274178 30489222
46660174 3307444
22164714 20591065
52308531 38543916
10298817 12145951
37801155 17437866
52073622 3637010
4880511 11939440
7275249 46476581
44435393 4963060
20003619 21673261
50 4
9 6
12 8
6 0
0 3
12 11
9 8
0 5
2 3
2 5
2 2
7 1
12 9
0 9
6 1
0 2
10 12
0 1
12 7
12 3
12 1
0 0
11 0
12 10
12 4
12 5
1 1
3 1
4 4
9 4
0 10
3 5
11 11
1 9
11 1
3 4
10 5
10 7
8 9
8 1
7 7
7 6
5 2
5 3
6 9
9 0
12 12
0 6
7 0
1 11
4 10
50 4
11 6
2 4
14 3
12 11
12 0
15 10
6 6
8 7
15 15
14 8
3 7
9 10
11 9
5 11
3 4
8 2
4 15
8 3
14 0
13 8
8 12
6 2
13 3
11 3
13 7
7 8
7 1
5 10
8 0
12 1
8 10
7 15
8 8
0 3
0 11
1 13
1 10
10 2
6 8
7 11
11 15
13 14
0 8
2 13
11 4
2 5
5 5
3 11
1 9
2 10
22 12831146
55470245 9220616
48539025 76324648
52157672 42587837
7967047 2278982
8587601 27351620
53252894 21691206
37065870 52857632
4064038 53388249
75452122 51130683
5786342 41316092
30489118 83095143
74617234 47597071
43776239 53361689
24567476 59777734
31800666 63782875
41902752 29336853
23327228 17952056
27563990 52830840
40566403 36072460
24175030 77005525
20902550 19145698
48532158 60465340
15 11559273
49987969 29470600
64063113 4336518
71085122 61848358
2159932 22559981
7103992 26818375
3002492 65670172
47620387 6649084
35614398 33393489
40932194 5359823
4707307 14752536
21199699 41630364
43099569 41468543
48743070 67168299
51433385 7946389
358816 72256110
6 16298770
114376087 120663393
156912339 165078980
11600331 79143407
84711766 55931238
68454794 179701463
44682163 130187049
17 34928566
1313135 106702439
209962035 115072475
219823685 102466555
40876057 214935127
106557378 122212976
125725808 198245890
218263975 23556843
96722127 212637928
200366410 123312764
8919307 73007141
219174299 221157344
95482319 39594491
35971086 137353042
235737514 122169723
76174175 94329459
116206216 34607766
67160281 163338071
50 19
8 3
5 8
7 12
7 2
6 4
13 7
10 13
9 4
3 10
3 1
9 0
3 13
0 13
9 1
9 13
12 4
13 4
4 4
4 6
1 5
7 4
13 2
0 7
4 2
3 11
10 8
2 7
5 9
4 5
1 2
3 8
0 8
10 4
6 7
2 8
10 1
9 6
6 10
4 8
6 8
7 6
4 1
8 8
1 10
3 6
1 6
8 10
13 6
8 13
9 10
50 8
2 3
11 15
0 5
0 0
15 5
2 7
11 5
11 11
7 2
2 11
6 11
10 9
6 14
3 16
5 13
16 9
8 0
10 2
15 9
5 4
1 2
7 4
3 13
4 12
3 9
11 1
15 8
1 0
3 10
7 0
1 13
16 16
16 4
15 13
4 7
3 4
14 15
13 13
16 8
9 6
14 10
7 3
9 13
3 6
12 13
12 14
6 9
15 10
0 1
1 9
18 1
0 0
0 1
0 2
3 3
3 4
3 5
1 0
1 1
1 2
4 3
4 4
4 5
2 0
2 1
2 2
5 3
5 4
5 5
7 3
1 5
2 3
2 1
5 1
6 3
4 4
4 5
4 2
0 0
0 2
10 0
10 2
18 2662885
10761913 54603564
58270276 34899706
30447818 6708026
54583964 15135223
16209712 15338642
26458699 36232766
1285395 58402934
5547642 43864784
37205920 39829824
22733015 8004192
39834393 53267719
58403578 58459155
47357703 28917994
8672233 46875606
2366858 31191036
30086327 20491099
54822865 53925836
15073863 39578289
13 9509776
11096878 63489342
49060702 55508332
23618998 52252892
3891449 63928292
47467711 13872270
6058434 33984093
1663745 51854366
49756843 34828937
9046444 59272788
54810047 17878647
30774384 18220628
27014896 61833398
21402968 45600085
22 885653
13286342 112923210
96584020 6970048
83643282 58208748
19571232 122194775
68955011 59891168
80697636 22175240
48402925 70054530
151740053 15877018
140403754 152719191
58991671 21584463
20069715 135700535
53237605 92608154
64784293 43986759
97791673 97973063
41780287 20416447
159789703 110688845
151798608 81551411
159475020 104601481
18516611 110232328
42115020 154547862
830131 112533833
156650800 32942415
18 1
0 0
0 1
0 2
0 3
0 4
0 5
1 0
1 1
1 2
1 3
1 4
1 5
2 0
2 1
2 2
2 3
2 4
2 5
28 44767505
181186924 144767130
242133347 119861799
159834697 184893063
357616997 307356452
205278980 250402163
52847692 94187684
276232156 245784292
344639144 104770811
33524714 44791221
196520427 193881106
56409384 314319676
14663493 263307435
323494763 163833938
90095570 360056251
283345269 112832941
256515477 248554112
291349642 47326257
183406311 293652671
337107342 23189877
5645789 27147892
296911182 318854600
337286663 292437817
230945478 341003225
251681383 20321545
17429490 125142665
102722598 357471324
27356879 3019067
102164736 25408749
50 5
3 15
10 16
9 4
6 15
4 8
5 11
0 1
16 10
17 13
15 10
3 1
11 11
13 18
13 11
13 17
8 8
7 15
6 6
2 4
15 3
12 10
18 11
17 6
8 18
17 3
5 4
11 2
6 1
2 9
9 10
3 8
2 1
2 3
7 9
12 2
13 0
8 11
3 4
18 9
16 7
11 18
17 2
8 12
16 12
4 4
0 2
7 13
15 5
0 11
14 1
23 5358370
25783697 4468986
68940686 22443596
49449993 58321103
9359185 44343306
18817395 69254687
22353944 16709095
20103609 1996648
45021801 67382437
14626103 69205710
33721422 24434170
12842568 2323165
20633026 43364027
16264900 29030104
66607439 37005294
4348646 2779950
17396385 60297
49431401 29805964
30839973 52950994
22011579 18240012
4545502 57843557
2754784 49405323
20655300 26052180
54227686 6744472
2 47847699
267417486 328573077
297024457 11151084
4 1
0 0
0 2
10 0
10 2
29 84829900
205607117 193158018
34446166 244579642
175646855 139422216
310603429 266352798
253170422 115954080
347021504 210725269
54817960 59724869
266894959 74801001
176120722 319405355
150660059 130563161
234489937 277220508
107137637 250743234
343320587 347654964
229023891 106970154
29510452 263129653
68722853 282489705
197796717 311942984
131584838 216200501
184215686 73353489
332749470 60420936
324014116 44836333
190892484 276161456
282860670 354623243
109246673 214460275
81875969 296759844
312095120 250334940
271243668 143099032
109363793 161994278
325028853 347018087
14 1
0 1
0 2
0 3
1 0
1 1
1 2
1 3
2 0
2 1
2 2
2 3
3 0
3 1
3 2
6 6905651
29905211 69824122
32945210 92251409
39029369 11925960
34707969 62145084
78170875 43739963
86829991 46835894
24 3344937
21289585 26274613
7062274 26646895
48560245 1025877
40975875 11119135
17322804 12187835
26593000 3997900
26371100 38810501
40675593 29236984
42637554 9661348
25533491 41352394
34183254 8478090
8065291 29405575
41097022 47673667
9865294 39088031
13176181 18975489
36334608 333255
70567 46697156
46468509 47108149
45543068 38600997
18836736 35675383
45667202 6881856
157090 16837617
32280162 48816700
48575113 12709361
18 2
0 0
0 1
0 2
0 3
0 4
0 5
1 0
1 1
1 2
1 3
1 4
1 5
2 0
2 1
2 2
2 3
2 4
2 5
16 2
0 0
0 1
0 2
1 0
1 1
1 2
2 0
2 1
2 2
2 3
3 3
4 3
3 2
4 2
3 1
4 1
7 3
8 5
3 6
9 2
4 5
3 2
1 8
2 8
1 1
100 100
21 67081383
321170387 436263748
187348126 180215261
273641610 95729734
203004286 457252822
324324329 289287416
31519169 199030563
277188994 288415701
471315140 75429816
202143486 216179147
212759599 384884191
105047539 220937410
223418035 271743903
280706653 146172475
188409588 171694043
20194174 13712812
457116915 432264091
293465390 8108821
16730501 387787923
33408462 238149370
362283828 410872217
198458537 389318199
3 1
100 100
200 200
300 300
19 17491228
94878638 108499216
110396902 176523460
200981036 150697541
188182056 178254957
9111381 75048445
226195889 247520863
277988863 90597425
237507657 5963845
290553050 93965553
33781220 181978780
208728125 207021924
172768315 149569670
34035467 45510060
87083272 128268350
120792386 71198248
215522207 245876199
90017184 111440339
261458020 136733053
143303986 293666186
24 71790801
227148942 131014588
22295873 78763997
193288505 72604806
51481029 20369311
48505318 233375079
250831135 129402454
219081538 196453198
10446197 18290416
9690820 253157318
200789026 40028775
171325219 211572324
91683966 152149945
194540633 165480070
157854834 135085799
50451496 158297832
93196272 173005617
237450862 20695231
33207082 143523588
95163295 163911792
55556016 225659815
147043890 43545172
113102188 20211828
231426647 104487563
115573611 16848666
28 54858582
52075502 315598868
436177677 119693987
288430312 47915885
459693342 264524096
10680272 236834385
193620415 223048578
377386090 105201669
146905779 86515517
5996768 146446302
317876114 114077373
417738996 136888633
333510812 164586072
418894984 188063534
90728826 164777879
198941448 107990966
273453004 431663876
303368247 69625242
151641820 402508096
319037433 155356190
257647635 98425923
360855520 353853828
46086271 127206698
401762485 296669731
220459884 269381659
157446580 374921851
150237516 193504112
437778128 44296620
292524285 201721232
