100
2 1
100 20
200 10
2 2
100 20
200 10
3 2
100 10
100 10
100 10
4 2
9 3
7 1
10 1
8 4
5 3
145299 21528
7956 393162
17388 179894
21528 145299
334152 9361
4 3
350427 89784
942732 33374
32472 968919
128412 245014
9 2
23614 2978
23173 2036
24143 2143
243972 75
29694 2692
27866 2342
296150 18
20563 2066
21173 2501
3 2
32718 815796
31734 841092
67983 392616
7 3
20612 2409
25256 2571
205231 52
260591 76
26639 2647
21836 2420
24916 2374
8 3
3087 313428
3779 343374
12322 73
3122 368259
3542 345993
3265 319382
17346 48
3054 317233
8 5
3312 360359
3805 377656
3961 311660
3243 334412
16907 70
3191 350757
10298 58
3011 305412
7 1
545594 557887
389439 974494
921322 60210
917460 337223
79179 994
622900 209253
35252 922461
6 4
3575 357061
3586 376206
16061 24
10386 86
3198 393306
3969 311527
10 3
268934 131433
570533 61954
328331 107656
337888 104611
88301 400299
80862 437125
54246 651602
94231 375108
180101 196261
969149 36472
4 1
47584 613858
301611 96846
300946 97060
87603 333434
10 6
83076 163098
16422 825084
25704 527137
31304 432837
44772 302634
833612 16254
333207 40664
19737 686504
157896 85813
154284 87822
2 1
24756 2645
207018 98
5 2
242811 943708
258784 399499
444023 635654
568164 612563
951428 949933
3 2
15625 84
3705 344392
3591 334621
6 4
66822 420732
56637 496392
145899 192696
598734 46956
46872 599807
44892 626262
6 4
97325 779667
340277 222998
214574 353636
112808 672657
359655 210983
167818 452163
7 4
251267 16
22743 2048
21393 2472
22403 2944
274240 50
29735 2605
24266 2486
4 1
3682 339926
3908 382308
3488 309665
11706 9
5 2
290545 325167
308505 306237
252892 373581
728990 129598
234007 403730
9 3
3623 382972
3774 347828
17527 30
3851 323245
3560 318192
3925 366163
3751 396362
3871 327226
15604 46
9 5
26879 2038
28879 2592
278012 94
21835 2094
255660 75
23874 2529
21805 2068
29760 2605
25063 2524
9 4
917180 790581
500204 634673
967768 967531
402318 201296
853405 984294
657299 316977
333640 76340
540349 571507
690423 582977
2 1
217025 1
28691 2905
9 6
254370 905942
228423 28490
703256 800662
508541 580485
957806 96883
734258 565132
699517 655142
776505 885993
227063 124735
8 3
765702 120421
502056 183658
151017 610571
321673 286647
125541 734474
222969 413540
96611 954411
516471 178532
3 2
26013 586734
360182 42375
691246 22080
7 3
105185 404703
193029 220530
162991 261172
881321 48301
135164 314941
141554 300724
858430 49589
4 2
3255 391148
14194 65
3757 306738
3585 390120
10 6
18008 50
3564 375041
3247 342487
3772 381096
15543 29
19866 49
3575 350352
3584 338816
3777 343751
3360 356059
10 5
298621 26
285062 55
24775 2564
23305 2436
21102 2692
29265 2787
26149 2068
29085 2788
291373 77
21356 2916
8 5
666333 25256
24354 691012
336996 49938
51282 328164
814407 20664
37444 449442
68904 244237
21238 792396
6 3
3043 388432
3600 325429
3184 327519
19823 17
3385 364872
13653 32
8 3
763619 206975
470515 170180
756747 893532
772964 21283
474766 77339
814564 781926
314171 105003
827208 28881
3 1
18361 19
3733 325842
3552 325099
3 2
517678 26281
85093 56710
578145 106047
4 3
60214 57564
4879 710424
57564 60214
966042 3588
5 3
378163 259630
819471 119812
168353 583194
540831 181540
739092 132842
9 5
382284 34782
18942 701964
61336 216783
309468 42966
163836 81158
69003 192696
880803 15096
25641 518568
274536 48433
10 6
22977 532168
184212 66378
103896 117691
85527 142968
91494 133644
747684 16354
45747 267288
19092 640458
51428 237762
496392 24633
8 6
476695 115079
381056 143962
449940 121922
420687 130400
122320 448476
586913 93468
544703 100711
887735 61795
8 5
894102 4284
59892 63954
22134 173052
9614 398412
27132 141174
460598 8316
103224 37107
104346 36708
2 1
3966 342162
13807 93
2 1
281422 69
26282 2892
5 2
109711 77530
444079 739509
164002 677696
610608 326441
424889 555868
9 3
3408 391592
3888 324616
3060 370631
3550 328291
3067 375708
3731 392795
14752 79
18142 14
3472 328534
3 2
17887 94
3923 300028
3583 394228
4 3
279281 668934
831024 24587
562663 983037
248713 781618
3 1
14504 874722
53749 236041
89790 141296
8 3
28285 2870
21127 2055
26107 2434
26613 2954
289094 43
23264 2377
25464 2266
238020 55
3 2
215567 449526
724021 133840
154186 628481
10 7
323771 199411
71578 902002
94588 682576
103088 626295
102017 632870
395007 163449
606065 106529
107833 598736
125696 513648
72872 885985
5 3
3667 386526
3292 385841
3522 399423
10295 32
11037 47
4 1
384168 939976
987946 372512
642194 869500
508241 635084
2 1
808667 225688
797127 215235
4 2
20435 2886
25822 2926
21965 2442
269098 11
8 6
336806 36034
293603 311324
549576 974989
740402 958090
541597 499725
314350 488765
6169 94909
886822 964569
2 1
18397 33
3653 334277
3 1
885873 959981
400116 619739
764338 841434
10 10
1000000 1000000
1000000 1000000
1000000 1000000
1000000 1000000
1000000 1000000
1000000 1000000
1000000 1000000
1000000 1000000
1000000 1000000
1000000 1000000
2 1
17575 30
3884 364992
8 5
598689 6072
6732 539994
513162 7084
929016 3913
33626 108108
5382 675444
70686 51428
6923 525096
3 1
289046 18
22281 2832
27384 2582
3 2
119784 186147
222456 100233
467883 47656
10 6
178932 59598
17316 615846
19866 536796
30186 353276
420024 25389
68376 155961
357588 29822
89466 119196
89397 119288
238392 44733
5 3
237429 82824
436356 45066
112056 175491
144522 136068
28934 679644
4 3
27985 2997
28869 2023
28809 2180
251909 26
8 5
4092 807534
19778 167076
29029 113832
8008 412641
13923 237336
366792 9009
21924 150722
10472 315549
4 1
438864 894190
861962 220425
833809 307638
562826 230294
5 3
27470 2746
295832 56
22422 2557
250255 44
25145 2902
7 4
148707 105672
297414 52836
25704 611351
123318 127428
42476 369954
835016 18819
58548 268398
9 3
100764 276252
70673 393874
256449 108545
147845 188280
137192 202900
894510 31119
139463 199596
101450 274384
104600 266121
6 4
25486 2178
288059 5
26182 2009
27770 2607
289469 21
22445 2274
2 1
871456 131916
622764 331393
10 5
672042 132333
182289 487870
423069 210210
499387 178085
150590 590566
246277 361111
97390 913167
659689 134811
510495 174210
460470 193136
3 1
93731 856794
714797 112351
478643 167783
8 5
153070 186974
242991 627478
444108 746991
962596 68283
336901 815811
806595 89027
888489 398326
322141 981848
6 4
110428 480932
267411 198602
176115 301555
79936 664386
346735 153167
273419 194238
6 2
534936 890112
770187 394086
72579 608830
482905 287406
484022 154236
917195 745264
7 4
3033 365411
11105 63
18179 49
3977 344439
3575 314871
3323 344394
3304 361896
4 1
257481 269259
120165 576949
115514 600179
174031 398372
5 2
26423 2076
275203 61
26021 2522
289269 100
24917 2507
1 1
1 1
5 1
205389 95845
107247 183553
22241 885100
783534 25124
28564 689172
4 2
3495 389797
11839 70
3459 341635
3114 398581
5 3
45752 111969
9009 568632
13338 384076
32604 157122
5928 864171
8 4
958857 500620
198324 925658
940665 681999
964402 161483
901904 724450
349826 997426
635145 578757
665144 2620
6 4
44268 161766
500004 14322
18414 388892
117304 61047
167958 42636
27132 263934
5 3
23001 124488
26486 108108
588924 4862
13338 214676
16359 175032
8 3
22176 2141
26786 2631
270111 56
271314 31
22474 2805
21864 2108
20842 2805
28053 2174
9 5
695066 215872
435113 403693
204585 518273
434870 327538
212259 268199
816917 494898
405312 806142
825901 737312
135822 47527
3 2
110394 403845
910191 48981
209719 212580
5 2
224878 24
27709 2161
258078 20
27533 2938
21696 2524
9 2
3035 348186
11978 91
3152 399382
3522 306032
3912 301716
3229 374313
3012 381597
3549 336992
16166 94
7 1
953561 473666
19660 754410
877891 561858
485058 848836
433987 773112
919294 516068
618434 618404
6 3
20395 2324
252949 65
27942 2633
234502 56
27656 2227
28569 2029
