100
2 1
500 300
900
660
2 1
500 300
1500
809
2 2
50 100
450 449
1100 1101
2 1
500 300
300
500
1 8
10
11 13 17 11 16 14 12 18
2 6
7 4
28 60 21 40 29 63
44 24 17 35 12 16
2 6
2 7
574 1320 1000 180 878 393
770 1381 2270 3780 3500 2942
1 7
1
760 647 695 705 673 655 639
2 8
6 1
10200 620 4389 642 3240 12152 2163 10200
660 100 362 106 1700 1700 2053 659
2 1
7 1
7
1
1 5
14389
690094 978855 457422 914183 959341
2 8
8 4
7552 7920 7200 7636 6780 7944 7042 8008
3600 3602 3383 3903 3276 3628 3240 3294
2 5
7 10
41 35 63 21 7
110 30 51 60 9
1 6
9
17100 12225 9649 18900 1658 10530
1 2
121992
983189 889382
2 8
6 9
48 54 22 50 6 29 36 31
75 41 33 99 67 42 9 55
2 8
9 6
11891 12242 11340 13606 12600 12072 12600 13860
9240 8234 8400 7727 8400 8532 7694 7560
1 6
7
17710 16100 17340 17570 14888 16100
1 1
8
16
2 3
4 9
6800 3547 9819
21558 15300 8876
1 5
9
873 861 931 810 897
2 8
746 59131
396587 766219 989271 842009 953853 962669 554807 500442
929233 510358 990141 937054 689504 809637 995451 379246
2 1
4 1
5025
1251
1 1
874526
501459
1 4
453868
819082 451492 747395 913853
1 5
6
2923 1114 1872 600 2160
1 6
10
3838 4400 4050 3690 4144 4015
2 8
1 1
1000000 999999 999998 999997 999996 999995 999994 999993
999992 999991 999990 999989 999988 999987 999986 999985
2 7
8 9
4630 3017 1760 4358 5040 853 2400
6930 5822 2700 1620 845 4881 3545
2 5
1 6
1800 1877 1755 1962 1980
9881 10800 11028 9720 9917
1 2
4
3300 3822
2 8
3 7
3 3 3 3 3 3 3 27
7 7 7 7 7 7 7 77
1 7
7
77 38 13 28 30 7 49
2 8
9 8
1873 4500 7042 872 3960 5134 6359 2495
4789 797 2880 4000 1622 2353 6313 5997
2 3
7 4
9783 10500 11550
6000 5660 5400
2 5
9 2
19376 21967 20700 22770 22445
4266 4454 4600 4846 4140
1 6
212968
718752 877979 701968 708753 974558 681158
2 4
178564 221055
735002 644088 622233 989537
750678 918674 933719 695830
2 8
384906 436709
642224 806652 680117 716292 839931 180268 557375 934880
540417 538816 936408 998595 659821 986871 975987 952837
1 5
139915
566668 699132 833133 846729 951049
2 4
2 1
186 194 220 200
90 99 100 92
2 5
596830 267552
661506 774476 974575 979953 992967
528042 665060 582012 937759 839901
2 2
6 5
6 6
5 5
2 8
1 5
500 720 617 330 677 197 110 416
3124 2146 1350 4400 548 2500 964 3379
2 2
6 8
54 48
64 88
2 4
1 9
300 308 280 319
2700 2815 2550 2915
2 8
616683 153354
908921 90899 746051 660710 746786 858593 800970 781271
566140 967964 937702 838988 807442 828672 417824 248713
1 6
7
3945 1400 724 2310 2728 3559
2 1
1 2
642
1219
1 6
8
4382 9499 12960 6400 18109 12800
1 3
3
540 2187 3900
1 8
10
1 8 5 3 6 4 2 7
2 8
6 8
6 54 6 6 6 6 6 6
8 8 8 8 8 8 88 8
2 2
3 10
3 3
10 11
1 8
33272
913472 807697 871665 885153 987009 488596 894688 922143
2 5
3 8
6750 7512 7841 7467 7626
22000 21947 20032 19167 18302
1 6
10
19910 18000 18632 16316 17749 17832
2 4
10 4
7316 5400 7432 3000
2582 2640 2952 1200
2 6
4 9
793 1440 400 1156 2118 2400
2636 900 1767 3960 4708 5400
2 7
8 3
5440 845 2400 4400 1514 3057 5187
2054 1350 310 564 900 1810 1263
2 1
10 6
7750
4916
1 2
9
810 1697
1 7
3
20 17 33 33 26 3 15
1 1
7
10080
1 4
4
27 8 8 44
1 3
1000000
900000 900001 899999
2 2
3 6
3 3
6 6
2 8
2 8
2509 1980 1261 1800 2157 212 2991 2733
5521 7200 8975 787 9680 11014 8004 11769
2 1
3 7
1320
2520
2 2
6 6
18 25
18 26
2 3
24653 62167
737617 996666 472887
123708 985696 608692
1 5
235412
890597 877680 675724 999864 821398
2 8
9 5
9 81 9 9 9 9 9 99
5 5 5 5 45 5 55 5
2 8
5 8
1083 994 1100 907 1155 1020 986 1021
1498 1579 1648 1740 1440 1551 1632 1512
2 7
5 4
2086 9870 12846 5400 5000 5000 9328
4000 7809 5280 9790 7381 4000 1638
2 6
6 6
3561 3000 542 1620 1267 2184
1980 594 3283 1279 3000 2560
1 5
2
180 3000 4429 582 2936
1 1
8
8
1 1
7
13535
1 5
4
28 11 36 28 26
2 4
9 7
17091 17010 18900 17044
14848 14021 16170 14700
1 1
1
106
2 8
3 2
4917 4458 4938 4950 4050 4500 4721 4211
3000 3300 2700 3244 2941 3162 3269 2859
2 1
2 10
4157
19085
2 3
9 10
1759 1620 1931
2007 2200 1833
2 3
136466 355249
446171 660758 867138
465823 620546 889926
1 7
9
2700 12600 17168 10700 14580 15101 3525
1 1
10
900
2 8
9 4
75 81 9 17 35 81 63 63
8 30 44 16 4 28 44 34
2 5
1 4
2530 2259 2523 2501 2425
10827 9844 10388 11044 10004
2 1
39510 268350
785440
946356
2 7
6 10
11880 11575 9720 11498 10676 10527 10788
19800 16200 17980 16826 16583 18790 16756
1 8
4
7097 1269 1117 4412 2800 5252 9680 4400
2 8
2 8
1316 1492 900 206 1467 800 432 594
821 5099 5145 3200 5896 1740 2259 4400
2 1
8 6
880
540
2 3
5 2
6000 6209 6318
2409 2181 2400
1 1
10
982
1 2
4
24 16
2 7
8 5
15203 16641 14803 15984 16894 17600 16389
10301 9000 9075 9990 10898 10869 10770
2 8
9 10
8303 9009 8082 8404 8100 7434 9009 8117
8980 9000 9557 8190 8190 8086 9532 9766
